# R_1s   M_1s     R_2s   M_2s
14.5450 0.6220   9.1095 1.9950
14.5153 0.7349   9.5115 2.0057
14.4631 0.8661   9.9583 2.0057
14.3589 1.0187   10.4795 1.9859
14.1355 1.2048   11.0678 1.9371
13.9196 1.3299   11.6039 1.8730
13.6590 1.4611   12.0804 1.7891
13.4207 1.5557   12.5495 1.6808
13.1005 1.6640   12.9069 1.5801
12.7580 1.7601   13.2345 1.4641
12.2964 1.8577   13.4952 1.3436
11.8794 1.9279   13.6888 1.2445
11.4177 1.9828   13.8749 1.1194
11.0380 2.0195   14.0238 0.9790
10.3902 2.0606   14.1057 0.8600
9.9434 2.0652    14.1355 0.7105
9.5264 2.0561    14.1132 0.5824
9.3701 2.0530    17.8138 0.9043
10.2338 2.2452   17.8064 1.0492
10.6731 2.2513   17.7766 1.1804
11.1869 2.2529   17.6873 1.3055
11.9092 2.2452   17.5681 1.4153
12.4155 2.2178   17.4341 1.5221
12.9293 2.1659   17.2554 1.6198
13.3835 2.1018   17.0320 1.7128
13.8153 2.0347   16.7491 1.8181
14.1281 1.9798   16.3693 1.9310
14.4557 1.9127   15.9598 2.0378
14.7833 1.8303   15.6173 2.1201
15.0812 1.7479   15.2226 2.1995
15.4535 1.6289   14.7386 2.2727
15.6843 1.5465   14.0834 2.3581
15.9226 1.4367   13.6739 2.3978
16.1162 1.3116   13.0856 2.4359
16.2427 1.1957   12.6761 2.4481
16.3395 1.0461   12.0134 2.4527
16.3619 0.9180   11.5666 2.4466
16.3321 0.7777   11.0901 2.4314
14.5450 0.6220   9.1095 1.9950