# pdf rad
5.374092093776099865e+00
5.435754907592729168e+00
5.497417721409357583e+00
5.559080535225986885e+00
5.620743349042616188e+00
5.682406162859244603e+00
5.744068976675873905e+00
5.805731790492503208e+00
5.867394604309131623e+00
5.929057418125760925e+00
5.990720231942390228e+00
6.052383045759018643e+00
6.114045859575647945e+00
6.175708673392277248e+00
6.237371487208905663e+00
6.299034301025534965e+00
6.360697114842164268e+00
6.422359928658792683e+00
6.484022742475421985e+00
6.545685556292051288e+00
6.607348370108679703e+00
6.669011183925309005e+00
6.730673997741938308e+00
6.792336811558566723e+00
6.853999625375196025e+00
6.915662439191825328e+00
6.977325253008453743e+00
7.038988066825083045e+00
7.100650880641712348e+00
7.162313694458340763e+00
7.223976508274970065e+00
7.285639322091599368e+00
7.347302135908227783e+00
7.408964949724857085e+00
7.470627763541486388e+00
7.532290577358114803e+00
7.593953391174744105e+00
7.655616204991373408e+00
7.717279018808001823e+00
7.778941832624631125e+00
7.840604646441260428e+00
7.902267460257888843e+00
7.963930274074518145e+00
8.025593087891147448e+00
8.087255901707775863e+00
8.148918715524406053e+00
8.210581529341034468e+00
8.272244343157662883e+00
8.333907156974291297e+00
8.395569970790921488e+00
8.457232784607549902e+00
8.518895598424180093e+00
8.580558412240808508e+00
8.642221226057436922e+00
8.703884039874067113e+00
8.765546853690695528e+00
8.827209667507323942e+00
8.888872481323954133e+00
8.950535295140582548e+00
9.012198108957210962e+00
9.073860922773841153e+00
9.135523736590469568e+00
9.197186550407097982e+00
9.258849364223728173e+00
9.320512178040356588e+00
9.382174991856985002e+00
9.443837805673613417e+00
9.505500619490243608e+00
9.567163433306873799e+00
9.628826247123502213e+00
9.690489060940130628e+00
9.752151874756759042e+00
9.813814688573387457e+00
9.875477502390017648e+00
9.937140316206647839e+00
9.998803130023276253e+00
1.006046594383990467e+01
1.012212875765653308e+01
1.018379157147316150e+01
1.024545438528979169e+01
1.030711719910642188e+01
1.036878001292305029e+01
1.043044282673967871e+01
1.049210564055630712e+01
1.055376845437293554e+01
1.061543126818956573e+01
1.067709408200619592e+01
1.073875689582282433e+01
1.080041970963945275e+01
1.086208252345608116e+01
1.092374533727270958e+01
1.098540815108933977e+01
1.104707096490596996e+01
1.110873377872259837e+01
1.117039659253922679e+01
1.123205940635585520e+01
1.129372222017248362e+01
1.135538503398911381e+01
1.141704784780574400e+01
1.147871066162237241e+01
