# pdf mass
5.000643647669600345e-01
5.236296300087663891e-01
5.471948952505728547e-01
5.707601604923792094e-01
5.943254257341856750e-01
6.178906909759920296e-01
6.414559562177983842e-01
6.650212214596048499e-01
6.885864867014112045e-01
7.121517519432176702e-01
7.357170171850240248e-01
7.592822824268303794e-01
7.828475476686368451e-01
8.064128129104433107e-01
8.299780781522496653e-01
8.535433433940560199e-01
8.771086086358623746e-01
9.006738738776688402e-01
9.242391391194753059e-01
9.478044043612816605e-01
9.713696696030880151e-01
9.949349348448943697e-01
1.018500200086700946e+00
1.042065465328507301e+00
1.065630730570313656e+00
1.089195995812120010e+00
1.112761261053926365e+00
1.136326526295732720e+00
1.159891791537539074e+00
1.183457056779345651e+00
1.207022322021152005e+00
1.230587587262958582e+00
1.254152852504764937e+00
1.277718117746571291e+00
1.301283382988377646e+00
1.324848648230184001e+00
1.348413913471990355e+00
1.371979178713796710e+00
1.395544443955603064e+00
1.419109709197409641e+00
1.442674974439215996e+00
1.466240239681022572e+00
1.489805504922828927e+00
1.513370770164635282e+00
1.536936035406441636e+00
1.560501300648247991e+00
1.584066565890054346e+00
1.607631831131860922e+00
1.631197096373667277e+00
1.654762361615473631e+00
1.678327626857279986e+00
1.701892892099086341e+00
1.725458157340892917e+00
1.749023422582699272e+00
1.772588687824505627e+00
1.796153953066311981e+00
1.819719218308118336e+00
1.843284483549924913e+00
1.866849748791731267e+00
1.890415014033537622e+00
1.913980279275343976e+00
1.937545544517150331e+00
1.961110809758956908e+00
1.984676075000763262e+00
2.008241340242569617e+00
2.031806605484375972e+00
2.055371870726182326e+00
2.078937135967988681e+00
2.102502401209795480e+00
2.126067666451601390e+00
2.149632931693408189e+00
2.173198196935214099e+00
2.196763462177020898e+00
2.220328727418827253e+00
2.243893992660633607e+00
2.267459257902439962e+00
2.291024523144246317e+00
2.314589788386053115e+00
2.338155053627859026e+00
2.361720318869665824e+00
2.385285584111471735e+00
2.408850849353278534e+00
2.432416114595084888e+00
2.455981379836891243e+00
2.479546645078697598e+00
2.503111910320503952e+00
2.526677175562310751e+00
2.550242440804116661e+00
2.573807706045923460e+00
2.597372971287729371e+00
2.620938236529536169e+00
2.644503501771342080e+00
2.668068767013148879e+00
2.691634032254954789e+00
2.715199297496761588e+00
2.738764562738568387e+00
2.762329827980374297e+00
2.785895093222181096e+00
2.809460358463987006e+00
2.833025623705793805e+00
