# pdf rad
7.109019121215400361e+00
7.223098364247446668e+00
7.337177607279492086e+00
7.451256850311538393e+00
7.565336093343584700e+00
7.679415336375630119e+00
7.793494579407676426e+00
7.907573822439722733e+00
8.021653065471769040e+00
8.135732308503813570e+00
8.249811551535859877e+00
8.363890794567906184e+00
8.477970037599952491e+00
8.592049280631998798e+00
8.706128523664045105e+00
8.820207766696089635e+00
8.934287009728135942e+00
9.048366252760182249e+00
9.162445495792228556e+00
9.276524738824274863e+00
9.390603981856319393e+00
9.504683224888365700e+00
9.618762467920412007e+00
9.732841710952458314e+00
9.846920953984504621e+00
9.961000197016549151e+00
1.007507944004859546e+01
1.018915868308064177e+01
1.030323792611268807e+01
1.041731716914473438e+01
1.053139641217677891e+01
1.064547565520882699e+01
1.075955489824087152e+01
1.087363414127291783e+01
1.098771338430496414e+01
1.110179262733701044e+01
1.121587187036905675e+01
1.132995111340110128e+01
1.144403035643314759e+01
1.155810959946519390e+01
1.167218884249724020e+01
1.178626808552928651e+01
1.190034732856133104e+01
1.201442657159337912e+01
1.212850581462542365e+01
1.224258505765746996e+01
1.235666430068951627e+01
1.247074354372156080e+01
1.258482278675360888e+01
1.269890202978565341e+01
1.281298127281769972e+01
1.292706051584974603e+01
1.304113975888179056e+01
1.315521900191383864e+01
1.326929824494588317e+01
1.338337748797792948e+01
1.349745673100997578e+01
1.361153597404202209e+01
1.372561521707406840e+01
1.383969446010611293e+01
1.395377370313815923e+01
1.406785294617020554e+01
1.418193218920225185e+01
1.429601143223429816e+01
1.441009067526634269e+01
1.452416991829839077e+01
1.463824916133043530e+01
1.475232840436248161e+01
1.486640764739452791e+01
1.498048689042657244e+01
1.509456613345862053e+01
1.520864537649066506e+01
1.532272461952271136e+01
1.543680386255475767e+01
1.555088310558680398e+01
1.566496234861885029e+01
1.577904159165089482e+01
1.589312083468294112e+01
1.600720007771498743e+01
1.612127932074703551e+01
1.623535856377908004e+01
1.634943780681112457e+01
1.646351704984316910e+01
1.657759629287521719e+01
1.669167553590726527e+01
1.680575477893930980e+01
1.691983402197135433e+01
1.703391326500339886e+01
1.714799250803544695e+01
1.726207175106749503e+01
1.737615099409953956e+01
1.749023023713158409e+01
1.760430948016362862e+01
1.771838872319567670e+01
1.783246796622772479e+01
1.794654720925976932e+01
1.806062645229181385e+01
1.817470569532386193e+01
1.828878493835590646e+01
1.840286418138795455e+01
