# pdf rad
8.000000000000000000e+00
8.044999999999999929e+00
8.089999999999999858e+00
8.134999999999999787e+00
8.179999999999999716e+00
8.224999999999999645e+00
8.269999999999999574e+00
8.314999999999999503e+00
8.359999999999999432e+00
8.404999999999999361e+00
8.449999999999999289e+00
8.494999999999999218e+00
8.539999999999999147e+00
8.585000000000000853e+00
8.630000000000000782e+00
8.675000000000000711e+00
8.720000000000000639e+00
8.765000000000000568e+00
8.810000000000000497e+00
8.855000000000000426e+00
8.900000000000000355e+00
8.945000000000000284e+00
8.990000000000000213e+00
9.035000000000000142e+00
9.080000000000000071e+00
9.125000000000000000e+00
9.169999999999999929e+00
9.214999999999999858e+00
9.259999999999999787e+00
9.304999999999999716e+00
9.349999999999999645e+00
9.394999999999999574e+00
9.439999999999999503e+00
9.484999999999999432e+00
9.529999999999999361e+00
9.574999999999999289e+00
9.619999999999999218e+00
9.664999999999999147e+00
9.710000000000000853e+00
9.755000000000000782e+00
9.800000000000000711e+00
9.845000000000000639e+00
9.890000000000000568e+00
9.935000000000000497e+00
9.980000000000000426e+00
1.002500000000000036e+01
1.007000000000000028e+01
1.011500000000000021e+01
1.016000000000000014e+01
1.020500000000000007e+01
1.025000000000000000e+01
1.029499999999999993e+01
1.033999999999999986e+01
1.038499999999999979e+01
1.042999999999999972e+01
1.047499999999999964e+01
1.051999999999999957e+01
1.056499999999999950e+01
1.060999999999999943e+01
1.065499999999999936e+01
1.069999999999999929e+01
1.074499999999999922e+01
1.078999999999999915e+01
1.083500000000000085e+01
1.088000000000000078e+01
1.092500000000000071e+01
1.097000000000000064e+01
1.101500000000000057e+01
1.106000000000000050e+01
1.110500000000000043e+01
1.115000000000000036e+01
1.119500000000000028e+01
1.124000000000000021e+01
1.128500000000000014e+01
1.133000000000000007e+01
1.137500000000000000e+01
1.141999999999999993e+01
1.146499999999999986e+01
1.150999999999999979e+01
1.155499999999999972e+01
1.159999999999999964e+01
1.164499999999999957e+01
1.168999999999999950e+01
1.173499999999999943e+01
1.177999999999999936e+01
1.182499999999999929e+01
1.186999999999999922e+01
1.191499999999999915e+01
1.196000000000000085e+01
1.200500000000000078e+01
1.205000000000000071e+01
1.209500000000000064e+01
1.214000000000000057e+01
1.218500000000000050e+01
1.223000000000000043e+01
1.227500000000000036e+01
1.232000000000000028e+01
1.236500000000000021e+01
1.241000000000000014e+01
1.245500000000000007e+01
1.250000000000000000e+01
1.254499999999999993e+01
1.258999999999999986e+01
1.263499999999999979e+01
1.267999999999999972e+01
1.272499999999999964e+01
1.276999999999999957e+01
1.281499999999999950e+01
1.285999999999999943e+01
1.290499999999999936e+01
1.294999999999999929e+01
1.299499999999999922e+01
1.303999999999999915e+01
1.308500000000000085e+01
1.313000000000000078e+01
1.317500000000000071e+01
1.322000000000000064e+01
1.326500000000000057e+01
1.331000000000000050e+01
1.335500000000000043e+01
1.340000000000000036e+01
1.344500000000000028e+01
1.349000000000000021e+01
1.353500000000000014e+01
1.358000000000000007e+01
1.362500000000000000e+01
1.366999999999999993e+01
1.371499999999999986e+01
1.375999999999999979e+01
1.380499999999999972e+01
1.384999999999999964e+01
1.389499999999999957e+01
1.393999999999999950e+01
1.398499999999999943e+01
1.402999999999999936e+01
1.407499999999999929e+01
1.411999999999999922e+01
1.416499999999999915e+01
1.421000000000000085e+01
1.425500000000000078e+01
1.430000000000000071e+01
1.434500000000000064e+01
1.439000000000000057e+01
1.443500000000000050e+01
1.448000000000000043e+01
1.452500000000000036e+01
1.457000000000000028e+01
1.461500000000000021e+01
1.466000000000000014e+01
1.470500000000000007e+01
1.475000000000000000e+01
1.479499999999999993e+01
1.483999999999999986e+01
1.488499999999999979e+01
1.492999999999999972e+01
1.497499999999999964e+01
1.501999999999999957e+01
1.506499999999999950e+01
1.510999999999999943e+01
1.515499999999999936e+01
1.519999999999999929e+01
1.524499999999999922e+01
1.528999999999999915e+01
1.533500000000000085e+01
1.538000000000000078e+01
1.542500000000000071e+01
1.547000000000000064e+01
1.551500000000000057e+01
1.556000000000000050e+01
1.560500000000000043e+01
1.565000000000000036e+01
1.569500000000000028e+01
1.574000000000000021e+01
1.578500000000000014e+01
1.583000000000000007e+01
1.587500000000000000e+01
1.591999999999999993e+01
1.596499999999999986e+01
1.601000000000000156e+01
1.605499999999999972e+01
1.610000000000000142e+01
1.614499999999999957e+01
1.619000000000000128e+01
1.623499999999999943e+01
1.628000000000000114e+01
1.632499999999999929e+01
1.637000000000000099e+01
1.641499999999999915e+01
1.646000000000000085e+01
1.650499999999999901e+01
1.655000000000000071e+01
1.659499999999999886e+01
1.664000000000000057e+01
1.668499999999999872e+01
1.673000000000000043e+01
1.677499999999999858e+01
1.682000000000000028e+01
1.686499999999999844e+01
1.691000000000000014e+01
1.695499999999999829e+01
1.700000000000000000e+01
