# pdf mass
5.000014176661099485e-01
5.125539720105668495e-01
5.251065263550237505e-01
5.376590806994806515e-01
5.502116350439375525e-01
5.627641893883944535e-01
5.753167437328513545e-01
5.878692980773082555e-01
6.004218524217651565e-01
6.129744067662220575e-01
6.255269611106789585e-01
6.380795154551358594e-01
6.506320697995927604e-01
6.631846241440496614e-01
6.757371784885065624e-01
6.882897328329634634e-01
7.008422871774203644e-01
7.133948415218772654e-01
7.259473958663341664e-01
7.384999502107910674e-01
7.510525045552479684e-01
7.636050588997048694e-01
7.761576132441617704e-01
7.887101675886186714e-01
8.012627219330755723e-01
8.138152762775324733e-01
8.263678306219893743e-01
8.389203849664462753e-01
8.514729393109031763e-01
8.640254936553600773e-01
8.765780479998169783e-01
8.891306023442738793e-01
9.016831566887307803e-01
9.142357110331876813e-01
9.267882653776445823e-01
9.393408197221014833e-01
9.518933740665583842e-01
9.644459284110152852e-01
9.769984827554721862e-01
9.895510370999290872e-01
1.002103591444385877e+00
1.014656145788842778e+00
1.027208700133299679e+00
1.039761254477756580e+00
1.052313808822213481e+00
1.064866363166670382e+00
1.077418917511127283e+00
1.089971471855584184e+00
1.102524026200041085e+00
1.115076580544497986e+00
1.127629134888954887e+00
1.140181689233411788e+00
1.152734243577868689e+00
1.165286797922325590e+00
1.177839352266782491e+00
1.190391906611239392e+00
1.202944460955696293e+00
1.215497015300153194e+00
1.228049569644610095e+00
1.240602123989066996e+00
1.253154678333523897e+00
1.265707232677980798e+00
1.278259787022437699e+00
1.290812341366894600e+00
1.303364895711351501e+00
1.315917450055808402e+00
1.328470004400265303e+00
1.341022558744722204e+00
1.353575113089179105e+00
1.366127667433636006e+00
1.378680221778092907e+00
1.391232776122549808e+00
1.403785330467006709e+00
1.416337884811463610e+00
1.428890439155920511e+00
1.441442993500377412e+00
1.453995547844834313e+00
1.466548102189291214e+00
1.479100656533748115e+00
1.491653210878205016e+00
1.504205765222661917e+00
1.516758319567118818e+00
1.529310873911575719e+00
1.541863428256032620e+00
1.554415982600489521e+00
1.566968536944946422e+00
1.579521091289403323e+00
1.592073645633860224e+00
1.604626199978317125e+00
1.617178754322774026e+00
1.629731308667230927e+00
1.642283863011687828e+00
1.654836417356144729e+00
1.667388971700601630e+00
1.679941526045058531e+00
1.692494080389515432e+00
1.705046634733972333e+00
1.717599189078429234e+00
1.730151743422886135e+00
1.742704297767343036e+00
