# pdf mass
8.000000000000000444e-01
8.080000000000000515e-01
8.159999999999999476e-01
8.239999999999999547e-01
8.319999999999999618e-01
8.399999999999999689e-01
8.479999999999999760e-01
8.559999999999999831e-01
8.639999999999999902e-01
8.719999999999999973e-01
8.800000000000000044e-01
8.880000000000000115e-01
8.960000000000000187e-01
9.040000000000000258e-01
9.120000000000000329e-01
9.200000000000000400e-01
9.280000000000000471e-01
9.360000000000000542e-01
9.439999999999999503e-01
9.519999999999999574e-01
9.599999999999999645e-01
9.679999999999999716e-01
9.759999999999999787e-01
9.839999999999999858e-01
9.919999999999999929e-01
1.000000000000000000e+00
1.008000000000000007e+00
1.016000000000000014e+00
1.024000000000000021e+00
1.032000000000000028e+00
1.040000000000000036e+00
1.048000000000000043e+00
1.056000000000000050e+00
1.064000000000000057e+00
1.072000000000000064e+00
1.080000000000000071e+00
1.088000000000000078e+00
1.096000000000000085e+00
1.104000000000000092e+00
1.112000000000000099e+00
1.120000000000000107e+00
1.127999999999999892e+00
1.135999999999999899e+00
1.143999999999999906e+00
1.151999999999999913e+00
1.159999999999999920e+00
1.167999999999999927e+00
1.175999999999999934e+00
1.183999999999999941e+00
1.191999999999999948e+00
1.199999999999999956e+00
1.207999999999999963e+00
1.215999999999999970e+00
1.223999999999999977e+00
1.231999999999999984e+00
1.239999999999999991e+00
1.247999999999999998e+00
1.256000000000000005e+00
1.264000000000000012e+00
1.272000000000000020e+00
1.280000000000000027e+00
1.288000000000000034e+00
1.296000000000000041e+00
1.304000000000000048e+00
1.312000000000000055e+00
1.320000000000000062e+00
1.328000000000000069e+00
1.336000000000000076e+00
1.344000000000000083e+00
1.352000000000000091e+00
1.360000000000000098e+00
1.368000000000000105e+00
1.375999999999999890e+00
1.383999999999999897e+00
1.391999999999999904e+00
1.399999999999999911e+00
1.407999999999999918e+00
1.415999999999999925e+00
1.423999999999999932e+00
1.431999999999999940e+00
1.439999999999999947e+00
1.447999999999999954e+00
1.455999999999999961e+00
1.463999999999999968e+00
1.471999999999999975e+00
1.479999999999999982e+00
1.487999999999999989e+00
1.495999999999999996e+00
1.504000000000000004e+00
1.512000000000000011e+00
1.520000000000000018e+00
1.528000000000000025e+00
1.536000000000000032e+00
1.544000000000000039e+00
1.552000000000000046e+00
1.560000000000000053e+00
1.568000000000000060e+00
1.576000000000000068e+00
1.584000000000000075e+00
1.592000000000000082e+00
1.600000000000000089e+00
1.608000000000000096e+00
1.616000000000000103e+00
1.624000000000000110e+00
1.631999999999999895e+00
1.639999999999999902e+00
1.647999999999999909e+00
1.655999999999999917e+00
1.663999999999999924e+00
1.671999999999999931e+00
1.679999999999999938e+00
1.687999999999999945e+00
1.695999999999999952e+00
1.703999999999999959e+00
1.711999999999999966e+00
1.719999999999999973e+00
1.727999999999999980e+00
1.735999999999999988e+00
1.743999999999999995e+00
1.752000000000000002e+00
1.760000000000000009e+00
1.768000000000000016e+00
1.776000000000000023e+00
1.784000000000000030e+00
1.792000000000000037e+00
1.800000000000000044e+00
1.808000000000000052e+00
1.816000000000000059e+00
1.824000000000000066e+00
1.832000000000000073e+00
1.840000000000000080e+00
1.848000000000000087e+00
1.856000000000000094e+00
1.864000000000000101e+00
1.872000000000000108e+00
1.879999999999999893e+00
1.887999999999999901e+00
1.895999999999999908e+00
1.903999999999999915e+00
1.911999999999999922e+00
1.919999999999999929e+00
1.927999999999999936e+00
1.935999999999999943e+00
1.943999999999999950e+00
1.951999999999999957e+00
1.959999999999999964e+00
1.967999999999999972e+00
1.975999999999999979e+00
1.983999999999999986e+00
1.991999999999999993e+00
2.000000000000000000e+00
2.008000000000000007e+00
2.016000000000000014e+00
2.024000000000000021e+00
2.032000000000000028e+00
2.040000000000000036e+00
2.048000000000000043e+00
2.056000000000000050e+00
2.064000000000000057e+00
2.072000000000000064e+00
2.080000000000000071e+00
2.088000000000000078e+00
2.096000000000000085e+00
2.104000000000000092e+00
2.112000000000000099e+00
2.120000000000000107e+00
2.128000000000000114e+00
2.136000000000000121e+00
2.144000000000000128e+00
2.152000000000000135e+00
2.160000000000000142e+00
2.168000000000000149e+00
2.176000000000000156e+00
2.184000000000000163e+00
2.192000000000000171e+00
2.200000000000000178e+00
2.208000000000000185e+00
2.216000000000000192e+00
2.224000000000000199e+00
2.232000000000000206e+00
2.240000000000000213e+00
2.248000000000000220e+00
2.255999999999999783e+00
2.263999999999999790e+00
2.271999999999999797e+00
2.279999999999999805e+00
2.287999999999999812e+00
2.295999999999999819e+00
2.303999999999999826e+00
2.311999999999999833e+00
2.319999999999999840e+00
2.327999999999999847e+00
2.335999999999999854e+00
2.343999999999999861e+00
2.351999999999999869e+00
2.359999999999999876e+00
2.367999999999999883e+00
2.375999999999999890e+00
2.383999999999999897e+00
2.391999999999999904e+00
2.399999999999999911e+00
