# pdf mass
8.000000000000000444e-01
8.084999999999999964e-01
8.169999999999999485e-01
8.255000000000000115e-01
8.339999999999999636e-01
8.425000000000000266e-01
8.509999999999999787e-01
8.595000000000000417e-01
8.679999999999999938e-01
8.764999999999999458e-01
8.850000000000000089e-01
8.934999999999999609e-01
9.020000000000000240e-01
9.104999999999999760e-01
9.190000000000000391e-01
9.274999999999999911e-01
9.360000000000000542e-01
9.445000000000000062e-01
9.529999999999999583e-01
9.615000000000000213e-01
9.699999999999999734e-01
9.785000000000000364e-01
9.869999999999999885e-01
9.955000000000000515e-01
1.004000000000000004e+00
1.012499999999999956e+00
1.020999999999999908e+00
1.029500000000000082e+00
1.038000000000000034e+00
1.046499999999999986e+00
1.054999999999999938e+00
1.063499999999999890e+00
1.072000000000000064e+00
1.080500000000000016e+00
1.088999999999999968e+00
1.097499999999999920e+00
1.106000000000000094e+00
1.114500000000000046e+00
1.122999999999999998e+00
1.131499999999999950e+00
1.139999999999999902e+00
1.148500000000000076e+00
1.157000000000000028e+00
1.165499999999999980e+00
1.173999999999999932e+00
1.182500000000000107e+00
1.191000000000000059e+00
1.199500000000000011e+00
1.207999999999999963e+00
1.216499999999999915e+00
1.225000000000000089e+00
1.233500000000000041e+00
1.241999999999999993e+00
1.250499999999999945e+00
1.258999999999999897e+00
1.267500000000000071e+00
1.276000000000000023e+00
1.284499999999999975e+00
1.292999999999999927e+00
1.301500000000000101e+00
1.310000000000000053e+00
1.318500000000000005e+00
1.326999999999999957e+00
1.335499999999999909e+00
1.344000000000000083e+00
1.352500000000000036e+00
1.360999999999999988e+00
1.369499999999999940e+00
1.377999999999999892e+00
1.386500000000000066e+00
1.395000000000000018e+00
1.403499999999999970e+00
1.411999999999999922e+00
1.420500000000000096e+00
1.429000000000000048e+00
1.437500000000000000e+00
1.445999999999999952e+00
1.454499999999999904e+00
1.463000000000000078e+00
1.471500000000000030e+00
1.479999999999999982e+00
1.488499999999999934e+00
1.497000000000000108e+00
1.505500000000000060e+00
1.514000000000000012e+00
1.522499999999999964e+00
1.530999999999999917e+00
1.539500000000000091e+00
1.548000000000000043e+00
1.556499999999999995e+00
1.564999999999999947e+00
1.573499999999999899e+00
1.582000000000000073e+00
1.590500000000000025e+00
1.598999999999999977e+00
1.607499999999999929e+00
1.616000000000000103e+00
1.624500000000000055e+00
1.633000000000000007e+00
1.641499999999999959e+00
1.649999999999999911e+00
1.658500000000000085e+00
1.667000000000000037e+00
1.675499999999999989e+00
1.683999999999999941e+00
1.692499999999999893e+00
1.701000000000000068e+00
1.709500000000000020e+00
1.717999999999999972e+00
1.726499999999999924e+00
1.735000000000000098e+00
1.743500000000000050e+00
1.752000000000000002e+00
1.760499999999999954e+00
1.768999999999999906e+00
1.777500000000000080e+00
1.786000000000000032e+00
1.794499999999999984e+00
1.802999999999999936e+00
1.811500000000000110e+00
1.820000000000000062e+00
1.828500000000000014e+00
1.836999999999999966e+00
1.845499999999999918e+00
1.854000000000000092e+00
1.862500000000000044e+00
1.870999999999999996e+00
1.879499999999999948e+00
1.887999999999999901e+00
1.896500000000000075e+00
1.905000000000000027e+00
1.913499999999999979e+00
1.921999999999999931e+00
1.930500000000000105e+00
1.939000000000000057e+00
1.947500000000000009e+00
1.955999999999999961e+00
1.964499999999999913e+00
1.973000000000000087e+00
1.981500000000000039e+00
1.989999999999999991e+00
1.998499999999999943e+00
2.007000000000000117e+00
2.015499999999999847e+00
2.024000000000000021e+00
2.032500000000000195e+00
2.040999999999999925e+00
2.049500000000000099e+00
2.057999999999999829e+00
2.066500000000000004e+00
2.075000000000000178e+00
2.083499999999999908e+00
2.092000000000000082e+00
2.100499999999999812e+00
2.108999999999999986e+00
2.117500000000000160e+00
2.125999999999999890e+00
2.134500000000000064e+00
2.142999999999999794e+00
2.151499999999999968e+00
2.160000000000000142e+00
2.168499999999999872e+00
2.177000000000000046e+00
2.185500000000000220e+00
2.193999999999999950e+00
2.202500000000000124e+00
2.210999999999999854e+00
2.219500000000000028e+00
2.228000000000000203e+00
2.236499999999999932e+00
2.245000000000000107e+00
2.253499999999999837e+00
2.262000000000000011e+00
2.270500000000000185e+00
2.278999999999999915e+00
2.287500000000000089e+00
2.295999999999999819e+00
2.304499999999999993e+00
2.313000000000000167e+00
2.321499999999999897e+00
2.330000000000000071e+00
2.338499999999999801e+00
2.346999999999999975e+00
2.355500000000000149e+00
2.363999999999999879e+00
2.372500000000000053e+00
2.380999999999999783e+00
2.389499999999999957e+00
2.398000000000000131e+00
2.406499999999999861e+00
2.415000000000000036e+00
2.423500000000000210e+00
2.431999999999999940e+00
2.440500000000000114e+00
2.448999999999999844e+00
2.457500000000000018e+00
2.466000000000000192e+00
2.474499999999999922e+00
2.483000000000000096e+00
2.491499999999999826e+00
2.500000000000000000e+00
