    14.2026     0.501333175  
    14.1907     0.505047978  
    14.1790     0.508787474  
    14.1675     0.512551502  
    14.1563     0.516340249  
    14.1452     0.520153805  
    14.1344     0.523992255  
    14.1237     0.527855672  
    14.1133     0.531744010  
    14.1031     0.535657607  
    14.0930     0.539596017  
    14.0832     0.543559954  
    14.0735     0.547548940  
    14.0640     0.551563594  
    14.0547     0.555603219  
    14.0456     0.559668542  
    14.0366     0.563759423  
    14.0279     0.567875789  
    14.0193     0.572017724  
    14.0109     0.576185391  
    14.0026     0.580378817  
    13.9945     0.584597826  
    13.9866     0.588842846  
    13.9788     0.593113505  
    13.9712     0.597410134  
    13.9637     0.601732763  
    13.9565     0.606081319  
    13.9493     0.610455798  
    13.9423     0.614856241  
    13.9354     0.619282703  
    13.9287     0.623735245  
    13.9221     0.628213915  
    13.9157     0.632718855  
    13.9094     0.637249666  
    13.9032     0.641806623  
    13.8972     0.646389748  
    13.8913     0.650998965  
    13.8855     0.655634286  
    13.8799     0.660295851  
    13.8744     0.664983660  
    13.8690     0.669697474  
    13.8636     0.674437335  
    13.8585     0.679203451  
    13.8534     0.683995691  
    13.8485     0.688813969  
    13.8436     0.693658176  
    13.8389     0.698528688  
    13.8343     0.703425100  
    13.8298     0.708347471  
    13.8254     0.713295920  
    13.8211     0.718270261  
    13.8169     0.723270234  
    13.8127     0.728296232  
    13.8088     0.733348184  
    13.8048     0.738425632  
    13.8010     0.743528816  
    13.7972     0.748657616  
    13.7936     0.753812070  
    13.7900     0.758991929  
    13.7866     0.764197287  
    13.7831     0.769428033  
    13.7798     0.774683984  
    13.7766     0.779965156  
    13.7734     0.785271509  
    13.7703     0.790602827  
    13.7673     0.795959083  
    13.7644     0.801340279  
    13.7615     0.806746175  
    13.7587     0.812176680  
    13.7559     0.817631814  
    13.7533     0.823111198  
    13.7506     0.828615019  
    13.7481     0.834143051  
    13.7456     0.839695097  
    13.7431     0.845271165  
    13.7408     0.850870858  
    13.7384     0.856494359  
    13.7362     0.862141422  
    13.7339     0.867811732  
    13.7318     0.873505429  
    13.7297     0.879222107  
    13.7276     0.884961785  
    13.7256     0.890724184  
    13.7236     0.896509163  
    13.7216     0.902316618  
    13.7197     0.908146257  
    13.7179     0.913998030  
    13.7160     0.919871614  
    13.7142     0.925766886  
    13.7123     0.931683660  
    13.7108     0.937621852  
    13.7091     0.943581085  
    13.7074     0.949561321  
    13.7058     0.955562050  
    13.7042     0.961583360  
    13.7026     0.967624823  
    13.7010     0.973686367  
    13.6995     0.979767664  
    13.6980     0.985868635  
    13.6965     0.991988777  
    13.6950     0.998128162  
    13.6935      1.00428620  
    13.6921      1.01046295  
    13.6907      1.01665784  
    13.6893      1.02287090  
    13.6879      1.02910172  
    13.6865      1.03535010  
    13.6851      1.04161569  
    13.6837      1.04789823  
    13.6823      1.05419741  
    13.6810      1.06051312  
    13.6796      1.06684482  
    13.6782      1.07319226  
    13.6769      1.07955524  
    13.6755      1.08593339  
    13.6741      1.09232641  
    13.6728      1.09873391  
    13.6714      1.10515569  
    13.6700      1.11159138  
    13.6687      1.11804065  
    13.6673      1.12450316  
    13.6659      1.13097850  
    13.6645      1.13746645  
    13.6630      1.14396664  
    13.6616      1.15047864  
    13.6602      1.15700220  
    13.6587      1.16353669  
    13.6571      1.17008205  
    13.6557      1.17663785  
    13.6542      1.18320362  
    13.6527      1.18977910  
    13.6512      1.19636390  
    13.6495      1.20295729  
    13.6480      1.20955937  
    13.6464      1.21616959  
    13.6446      1.22278739  
    13.6430      1.22941260  
    13.6413      1.23604463  
    13.6396      1.24268319  
    13.6378      1.24932756  
    13.6361      1.25597792  
    13.6342      1.26263337  
    13.6324      1.26929355  
    13.6305      1.27595821  
    13.6286      1.28262682  
    13.6266      1.28929884  
    13.6246      1.29597399  
    13.6226      1.30265167  
    13.6205      1.30933164  
    13.6184      1.31601324  
    13.6162      1.32269626  
    13.6140      1.32938008  
    13.6118      1.33606433  
    13.6095      1.34274712  
    13.6072      1.34941933  
    13.6048      1.35607697  
    13.6024      1.36271118  
    13.5999      1.36931977  
    13.5973      1.37589717  
    13.5947      1.38244263  
    13.5920      1.38895236  
    13.5892      1.39542533  
    13.5864      1.40185929  
    13.5835      1.40825323  
    13.5804      1.41460563  
    13.5773      1.42091540  
    13.5741      1.42718211  
    13.5708      1.43340433  
    13.5674      1.43958199  
    13.5639      1.44571403  
    13.5598      1.45180059  
    13.5565      1.45784091  
    13.5527      1.46383449  
    13.5488      1.46978194  
    13.5446      1.47568231  
    13.5405      1.48153603  
    13.5363      1.48734290  
    13.5319      1.49310309  
    13.5274      1.49881642  
    13.5227      1.50448294  
    13.5180      1.51010323  
    13.5131      1.51567723  
    13.5082      1.52120505  
    13.5031      1.52668692  
    13.4979      1.53212307  
    13.4926      1.53751165  
    13.4872      1.54284445  
    13.4816      1.54811985  
    13.4760      1.55333706  
    13.4702      1.55849328  
    13.4643      1.56358858  
    13.4582      1.56862314  
    13.4521      1.57359846  
    13.4458      1.57851517  
    13.4394      1.58337397  
    13.4327      1.58817633  
    13.4262      1.59292373  
    13.4194      1.59761620  
    13.4124      1.60225618  
    13.4053      1.60684416  
    13.3982      1.61138138  
    13.3909      1.61586886  
    13.3835      1.62030844  
    13.3759      1.62470034  
    13.3682      1.62904609  
    13.3605      1.63334731  
    13.3526      1.63760426  
    13.3445      1.64181783  
    13.3363      1.64599042  
    13.3280      1.65012129  
    13.3196      1.65421231  
    13.3111      1.65826468  
    13.3025      1.66227850  
    13.2937      1.66625515  
    13.2849      1.67019564  
    13.2759      1.67410051  
    13.2668      1.67797037  
    13.2576      1.68180667  
    13.2481      1.68560949  
    13.2388      1.68937943  
    13.2292      1.69311822  
    13.2197      1.69682592  
    13.2099      1.70050262  
    13.2001      1.70415029  
    13.1901      1.70776792  
    13.1800      1.71135757  
    13.1699      1.71491903  
    13.1597      1.71845301  
    13.1493      1.72196010  
    13.1389      1.72544158  
    13.1283      1.72889644  
    13.1177      1.73232593  
    13.1070      1.73573047  
    13.0961      1.73911056  
    13.0852      1.74246718  
    13.0742      1.74579935  
    13.0631      1.74910910  
    13.0520      1.75239568  
    13.0406      1.75566006  
    13.0292      1.75890230  
    13.0179      1.76212217  
    13.0063      1.76532130  
    12.9948      1.76849912  
    12.9831      1.77165575  
    12.9713      1.77479281  
    12.9595      1.77790886  
    12.9476      1.78100474  
    12.9356      1.78408185  
    12.9235      1.78713849  
    12.9114      1.79017652  
    12.8991      1.79319528  
    12.8868      1.79619535  
    12.8745      1.79917697  
    12.8621      1.80213943  
    12.8496      1.80508409  
    12.8370      1.80801092  
    12.8244      1.81091924  
    12.8117      1.81381006  
    12.7989      1.81668276  
    12.7860      1.81953830  
    12.7732      1.82237700  
    12.7602      1.82519712  
    12.7472      1.82799990  
    12.7342      1.83078575  
    12.7210      1.83355360  
    12.7078      1.83630406  
    12.6946      1.83903735  
    12.6812      1.84175223  
    12.6680      1.84445076  
    12.6545      1.84713047  
    12.6411      1.84979383  
    12.6276      1.85243900  
    12.6140      1.85506696  
    12.6003      1.85767779  
    12.5867      1.86027067  
    12.5730      1.86284614  
    12.5592      1.86540469  
    12.5454      1.86794482  
    12.5316      1.87046779  
    12.5177      1.87297388  
    12.5038      1.87546157  
    12.4898      1.87793218  
    12.4758      1.88038538  
    12.4617      1.88282099  
    12.4476      1.88523791  
    12.4335      1.88763753  
    12.4193      1.89001933  
    12.4050      1.89238361  
    12.3906      1.89473059  
    12.3764      1.89705883  
    12.3621      1.89936910  
    12.3477      1.90166255  
    12.3333      1.90393729  
    12.3188      1.90619343  
    12.3044      1.90843189  
    12.2899      1.91065186  
    12.2753      1.91285337  
    12.2607      1.91503756  
    12.2461      1.91720241  
    12.2314      1.91934907  
    12.2168      1.92147717  
    12.2021      1.92358710  
    12.1873      1.92567782  
    12.1726      1.92775091  
    12.1578      1.92980398  
    12.1430      1.93183815  
    12.1281      1.93385329  
    12.1133      1.93585020  
    12.0983      1.93782753  
    12.0834      1.93978567  
    12.0685      1.94172418  
    12.0535      1.94364327  
    12.0386      1.94554358  
    12.0235      1.94742433  
    12.0085      1.94928523  
    11.9935      1.95112590  
    11.9784      1.95294761  
    11.9632      1.95474972  
    11.9482      1.95653164  
    11.9330      1.95829306  
    11.9179      1.96003460  
    11.9027      1.96175555  
    11.8875      1.96345733  
    11.8723      1.96513725  
    11.8571      1.96679860  
    11.8419      1.96843901  
    11.8266      1.97005875  
    11.8114      1.97165773  
    11.7961      1.97323642  
    11.7807      1.97479391  
    11.7655      1.97633113  
    11.7502      1.97784661  
    11.7349      1.97934209  
    11.7195      1.98081547  
    11.7042      1.98226879  
    11.6888      1.98370037  
    11.6734      1.98511113  
    11.6580      1.98649960  
    11.6427      1.98786788  
    11.6272      1.98921436  
    11.6119      1.99053909  
    11.5961      1.99184323  
    11.5810      1.99312486  
    11.5656      1.99438506  
    11.5502      1.99562401  
    11.5347      1.99684048  
    11.5193      1.99803629  
    11.5038      1.99920965  
    11.4884      2.00036075  
    11.4729      2.00149075  
    11.4574      2.00259870  
    11.4419      2.00368499  
    11.4264      2.00474788  
    11.4110      2.00579090  
    11.3955      2.00681062  
    11.3800      2.00780772  
    11.3645      2.00878343  
    11.3491      2.00973743  
    11.3333      2.01066898  
    11.3180      2.01157816  
    11.3025      2.01246523  
    11.2871      2.01332972  
    11.2716      2.01417248  
    11.2561      2.01499426  
    11.2407      2.01579192  
    11.2252      2.01656812  
    11.2097      2.01732334  
    11.1942      2.01805464  
    11.1787      2.01876328  
    11.1633      2.01945196  
    11.1478      2.02011732  
    11.1323      2.02076043  
    11.1169      2.02138205  
    11.1013      2.02198076  
    11.0860      2.02255777  
    11.0705      2.02311253  
    11.0551      2.02364572  
    11.0397      2.02415702  
    11.0240      2.02464552  
    11.0088      2.02511285  
    10.9934      2.02555785  
    10.9780      2.02598146  
    10.9626      2.02638335  
    10.9472      2.02676335  
    10.9318      2.02712187  
    10.9164      2.02745783  
    10.9011      2.02777359  
    10.8857      2.02806723  
    10.8704      2.02834006  
    10.8550      2.02859059  
    10.8397      2.02881977  
    10.8244      2.02902825  
    10.8090      2.02921611  
    10.7937      2.02938199  
    10.7784      2.02952736  
    10.7632      2.02965191  
    10.7479      2.02975566  
    10.7326      2.02983883  
    10.7174      2.02990065  
    10.7021      2.02994236  
    10.6869      2.02996373  
    10.6716      2.02996520  
    10.6565      2.02994539  
    10.6413      2.02990700  
    10.6261      2.02984806  
    10.6110      2.02976827  
    10.5958      2.02966975  
    10.5807      2.02955121  
