  15.9528     0.246333607   
  15.9019     0.247940227   
  15.8517     0.249559107   
  15.8022     0.251190068   
  15.7534     0.252833132   
  15.7052     0.254488623   
  15.6577     0.256156471   
  15.6108     0.257836687   
  15.5646     0.259529179   
  15.5190     0.261234236   
  15.4740     0.262951830   
  15.4297     0.264681936   
  15.3859     0.266425127   
  15.3427     0.268181684   
  15.3001     0.269951644   
  15.2580     0.271735103   
  15.2165     0.273532004   
  15.1755     0.275342580   
  15.1351     0.277166932   
  15.0952     0.279004776   
  15.0558     0.280856434   
  15.0170     0.282722004   
  14.9787     0.284601322   
  14.9408     0.286494623   
  14.9036     0.288401963   
  14.8667     0.290323666   
  14.8304     0.292260402   
  14.7945     0.294212081   
  14.7590     0.296178776   
  14.7241     0.298160535   
  14.6895     0.300157517   
  14.6554     0.302169581   
  14.6219     0.304197015   
  14.5887     0.306239746   
  14.5559     0.308297811   
  14.5236     0.310371567   
  14.4917     0.312460665   
  14.4602     0.314565345   
  14.4290     0.316686534   
  14.3984     0.318824071   
  14.3681     0.320978418   
  14.3382     0.323149208   
  14.3087     0.325336838   
  14.2795     0.327541169   
  14.2509     0.329762351   
  14.2224     0.332000555   
  14.1944     0.334255532   
  14.1668     0.336527804   
  14.1396     0.338816994   
  14.1126     0.341123480   
  14.0860     0.343447575   
  14.0598     0.345789827   
  14.0340     0.348150360   
  14.0084     0.350528890   
  13.9832     0.352925938   
  13.9583     0.355341149   
  13.9338     0.357774992   
  13.9096     0.360227320   
  13.8856     0.362698133   
  13.8621     0.365187487   
  13.8388     0.367695676   
  13.8158     0.370222714   
  13.7932     0.372768997   
  13.7708     0.375334830   
  13.7487     0.377920448   
  13.7270     0.380526023   
  13.7054     0.383151232   
  13.6842     0.385796616   
  13.6633     0.388461874   
  13.6427     0.391147168   
  13.0652     0.502277922   
  13.0532     0.505794832   
  13.0413     0.509335501   
  13.0296     0.512901804   
  13.0182     0.516492869   
  13.0069     0.520108705   
  12.9956     0.523750094   
  12.9847     0.527416205   
  12.9740     0.531107579   
  12.9634     0.534823912   
  12.9529     0.538566159   
  12.9427     0.542333173   
  12.9326     0.546125610   
  12.9227     0.549944179   
  12.9129     0.553788352   
  12.9032     0.557658569   
  12.8938     0.561554786   
  12.8846     0.565476767   
  12.8755     0.569424753   
  12.8665     0.573398689   
  12.8576     0.577398768   
  12.8489     0.581424944   
  12.8404     0.585477317   
  12.8320     0.589556468   
  12.8237     0.593661707   
  12.8157     0.597793599   
  12.8077     0.601952306   
  12.8000     0.606137433   
  12.7923     0.610349448   
  12.7848     0.614588087   
  12.7774     0.618853325   
  12.7701     0.623145127   
  12.7630     0.627464039   
  12.7560     0.631809212   
  12.7492     0.636181900   
  12.7424     0.640581866   
  12.7358     0.645008256   
  12.7292     0.649462000   
  12.7229     0.653942697   
  12.7167     0.658450358   
  12.7106     0.662985084   
  12.7044     0.667546544   
  12.6986     0.672135581   
  12.6929     0.676751470   
  12.6872     0.681394441   
  12.6815     0.686065208   
  12.6761     0.690762606   
  12.6708     0.695487216   
  12.6656     0.700239298   
  12.6605     0.705017985   
  12.6554     0.709824090   
  12.6505     0.714657370   
  12.6457     0.719517570   
  12.6409     0.724404900   
  12.6363     0.729319529   
  12.6317     0.734261074   
  12.6272     0.739229599   
  12.6229     0.744225321   
  12.6186     0.749247798   
  12.6145     0.754296974   
  12.6104     0.759373713   
  12.6064     0.764476991   
  12.6025     0.769606972   
  12.5986     0.774763569   
  12.5948     0.779947012   
  12.5912     0.785157109   
  12.5876     0.790393751   
  12.5840     0.795656700   
  12.5806     0.800945929   
  12.5772     0.806261998   
  12.5738     0.811604002   
  12.5706     0.816972215   
  12.5675     0.822366491   
  12.5644     0.827786846   
  12.5614     0.833233019   
  12.5584     0.838704673   
  12.5556     0.844202438   
  12.5527     0.849726134   
  12.5500     0.855274738   
  12.5472     0.860848979   
  12.5446     0.866448210   
  12.5421     0.872072582   
  12.5395     0.877721604   
  12.5370     0.883396147   
  12.5346     0.889095016   
  12.5322     0.894818704   
  12.5299     0.900566814   
  12.5277     0.906339010   
  12.5254     0.912135219   
  12.5232     0.917955031   
  12.5211     0.923798165   
  12.5190     0.929665418   
  12.5170     0.935555336   
  12.5150     0.941468722   
  12.5130     0.947405078   
  12.5110     0.953353949   
  12.5092     0.959290984   
  12.5073     0.965214396   
  12.5055     0.971124279   
  12.5036     0.977019637   
  12.5017     0.982877668   
  12.4998     0.988197423   
  12.4977     0.992816563   
  12.4952     0.996790977   
  12.4924      1.00017580   
  12.4892      1.00321143   
  12.4855      1.00624989   
  12.4815      1.00931729   
  12.4771      1.01242218   
  12.4724      1.01556991   
  12.4675      1.01876353   
  12.4624      1.02200529   
  12.4570      1.02529752   
  12.4515      1.02864106   
  12.4458      1.03203711   
  12.4400      1.03548678   
  12.4340      1.03899097   
  12.4279      1.04255012   
  12.4216      1.04616430   
  12.4153      1.04983491   
  12.4089      1.05356155   
  12.4023      1.05734397   
  12.3957      1.06118373   
  12.3890      1.06508103   
  12.3823      1.06903426   
  12.3754      1.07304403   
  12.3687      1.07711143   
  12.3617      1.08123564   
  12.3548      1.08541598   
  12.3479      1.08965342   
  12.3408      1.09394702   
  12.3338      1.09829713   
  12.3268      1.10270262   
  12.3197      1.10716401   
  12.3126      1.11167978   
  12.3056      1.11625143   
  12.2984      1.12087715   
  12.2914      1.12555658   
  12.2843      1.13029012   
  12.2772      1.13507670   
  12.2702      1.13991499   
  12.2632      1.14480621   
  12.2562      1.14974813   
  12.2492      1.15474167   
  12.2423      1.15978517   
  12.2353      1.16487803   
  12.2284      1.17002013   
  12.2215      1.17521053   
  12.2146      1.18044767   
  12.2079      1.18573178   
  12.2011      1.19106245   
  12.1944      1.19643827   
  12.1877      1.20185743   
  12.1810      1.20732212   
  12.1744      1.21282817   
  12.1678      1.21837683   
  12.1612      1.22396633   
  12.1547      1.22959619   
  12.1483      1.23526508   
  12.1419      1.24097250   
  12.1355      1.24671766   
  12.1292      1.25249898   
  12.1229      1.25831547   
  12.1167      1.26416670   
  12.1105      1.27005238   
  12.1044      1.27597037   
  12.0983      1.28191998   
  12.0922      1.28790009   
  12.0862      1.29390982   
  12.0802      1.29994775   
  12.0743      1.30601373   
  12.0684      1.31210590   
  12.0626      1.31822361   
  12.0567      1.32436722   
  12.0509      1.33053083   
  12.0452      1.33671833   
  12.0395      1.34292704   
  12.0338      1.34915576   
  12.0282      1.35540306   
  12.0225      1.36166875   
  12.0170      1.36794909   
  12.0114      1.37424837   
  12.0059      1.38056086   
  12.0004      1.38688671   
  11.9949      1.39322452   
  11.9895      1.39957434   
  11.9841      1.40593361   
  11.9787      1.41230241   
  11.9732      1.41867854   
  11.9680      1.42506140   
  11.9626      1.43145013   
  11.9573      1.43784339   
  11.9520      1.44424006   
  11.9467      1.45063943   
  11.9413      1.45703951   
  11.9361      1.46344027   
  11.9308      1.46983969   
  11.9256      1.47623675   
  11.9203      1.48263072   
  11.9150      1.48902093   
  11.9097      1.49540572   
  11.9044      1.50178407   
  11.8992      1.50815503   
  11.8939      1.51451745   
  11.8887      1.52087022   
  11.8834      1.52721245   
  11.8781      1.53354261   
  11.8728      1.53986110   
  11.8675      1.54616530   
  11.8622      1.55245476   
  11.8568      1.55872877   
  11.8514      1.56498560   
  11.8461      1.57122473   
  11.8407      1.57744518   
  11.8352      1.58364653   
  11.8298      1.58982681   
  11.8243      1.59598566   
  11.8189      1.60212218   
  11.8133      1.60823474   
  11.8078      1.61432337   
  11.8022      1.62038642   
  11.7966      1.62642338   
  11.7909      1.63243266   
  11.7853      1.63841478   
  11.7795      1.64436807   
  11.7738      1.65029111   
  11.7680      1.65618398   
  11.7622      1.66204546   
  11.7564      1.66787503   
  11.7504      1.67367138   
  11.7445      1.67943416   
  11.7385      1.68516112   
  11.7325      1.69085460   
  11.7264      1.69651177   
  11.7202      1.70213163   
  11.7141      1.70771432   
  11.7078      1.71325810   
  11.7016      1.71876417   
  11.6952      1.72423009   
  11.6888      1.72965551   
  11.6824      1.73503956   
  11.6759      1.74038364   
  11.6694      1.74568335   
  11.6628      1.75094148   
  11.6561      1.75615605   
  11.6494      1.76132642   
  11.6426      1.76645229   
  11.6359      1.77153331   
  11.6290      1.77656885   
  11.6220      1.78155762   
  11.6150      1.78649971   
  11.6079      1.79139457   
  11.6008      1.79624182   
  11.5936      1.80104223   
  11.5863      1.80579162   
  11.5790      1.81049256   
  11.5716      1.81514471   
  11.5642      1.81974659   
  11.5567      1.82429776   
  11.5491      1.82879899   
  11.5415      1.83324802   
  11.5338      1.83764580   
  11.5260      1.84199204   
  11.5182      1.84628688   
  11.5103      1.85052686   
  11.5023      1.85471493   
  11.4943      1.85885030   
  11.4862      1.86293186   
  11.4781      1.86696011   
  11.4698      1.87093367   
  11.4616      1.87485452   
  11.4532      1.87872076   
  11.4448      1.88253115   
  11.4363      1.88628832   
  11.4277      1.88998952   
  11.4191      1.89363678   
  11.4104      1.89722754   
  11.4016      1.90076332   
  11.3928      1.90424374   
  11.3838      1.90766836   
  11.3749      1.91103760   
  11.3659      1.91434964   
  11.3568      1.91760668   
  11.3476      1.92080763   
  11.3384      1.92395223   
  11.3291      1.92704049   
  11.3197      1.93007309   
  11.3103      1.93304872   
  11.3008      1.93596817   
  11.2913      1.93883185   
  11.2816      1.94163898   
  11.2719      1.94438917   
  11.2622      1.94708397   
  11.2524      1.94972203   
  11.2425      1.95230405   
  11.2326      1.95483043   
  11.2226      1.95730009   
  11.2125      1.95971396   
  11.2024      1.96207149   
  11.1921      1.96437380   
  11.1819      1.96662032   
  11.1716      1.96881056   
  11.1612      1.97094551   
  11.1508      1.97302528   
  11.1403      1.97504998   
  11.1298      1.97701873   
  11.1191      1.97893377   
  11.1085      1.98079320   
  11.0977      1.98259863   
  11.0870      1.98434851   
  11.0762      1.98604493   
  11.0653      1.98768719   
  11.0543      1.98927499   
  11.0434      1.99080987   
  11.0323      1.99229128   
  11.0212      1.99371725   
  11.0100      1.99509354   
  10.9988      1.99641566   
  10.9875      1.99768445   
  10.9763      1.99890231   
  10.9649      2.00006676   
  10.9535      2.00118055   
  10.9420      2.00224213   
  10.9306      2.00325225   
  10.9191      2.00421157   
  10.9074      2.00512054   
  10.8958      2.00597992   
  10.8841      2.00678645   
  10.8724      2.00754486   
  10.8606      2.00825345   
  10.8488      2.00891311   
  10.8369      2.00952328   
  10.8251      2.01008503   
  10.8131      2.01059822   
  10.8012      2.01106562   
  10.7892      2.01148213   
  10.7771      2.01185205   
  10.7650      2.01217541   
  10.7529      2.01245220   
  10.7408      2.01268268   
  10.7285      2.01286655   
  10.7164      2.01300589   
  10.7041      2.01309896   
  10.6918      2.01314669   
  10.6794      2.01315120   
  10.6671      2.01311043   
  10.6547      2.01302652   
  10.6423      2.01289841   
  10.6299      2.01272724   
  10.6174      2.01251296   
  10.6050      2.01225730   
  10.5924      2.01195827   
  10.5799      2.01161854   
  10.5673      2.01123677   
  10.5547      2.01081490   
  10.5421      2.01035182   
  10.5295      2.00984839   
  10.5168      2.00930555   
  10.5041      2.00872345   
  10.4915      2.00810219   
  10.4787      2.00744209   
  10.4660      2.00674368   
  10.4533      2.00600701   
  10.4405      2.00523343   
  10.4277      2.00442270   
  10.4149      2.00357527   
  10.4021      2.00269113   
  10.3893      2.00177164   
  10.3765      2.00081553   
  10.3635      1.99982512   
  10.3507      1.99879971   
  10.3379      1.99773986   
  10.3250      1.99664680   
  10.3122      1.99551896   
  10.2992      1.99435868   
  10.2864      1.99316420   
  10.2734      1.99193846   
  10.2605      1.99068063   
  10.2476      1.98939114   
  10.2347      1.98807008   
  10.2218      1.98671791   
  10.2089      1.98533551   
  10.1960      1.98392247   
  10.1831      1.98248013   
  10.1701      1.98100815   
  10.1572      1.97950780   
  10.1443      1.97797851   
  10.1314      1.97642265   
  10.1185      1.97483732   
  10.1056      1.97322403   
  10.0927      1.97158419   
  10.0798      1.96991781   
  10.0669      1.96822498   
  10.0540      1.96650620   
  10.0411      1.96476100   
  10.0283      1.96299318   
  10.0154      1.96119872   
  10.0026      1.95938047   
  9.98975      1.95753794   
  9.97695      1.95567144   
  9.96414      1.95378245   
  9.95137      1.95186965   
  9.93858      1.94993436   
  9.92580      1.94797667   
  9.91307      1.94599829   
  9.90034      1.94399688   
  9.88760      1.94197488   
  9.87492      1.93993261   
  9.86227      1.93786973   
  9.84958      1.93578632   
  9.83693      1.93368326   
  9.82433      1.93156162   
  9.81170      1.92941956   
  9.79918      1.92726014   
  9.78654      1.92508213   
  9.77407      1.92288634   
  9.76155      1.92067190   
  9.74905      1.91844100   
  9.73659      1.91619403   
  9.72415      1.91392731   
  9.71173      1.91164720   
  9.69936      1.90935045   
  9.68700      1.90703738   
  9.67468      1.90470965   
  9.66239      1.90236690   
  9.65011      1.90000922   
  9.63787      1.89763699   
  9.62567      1.89525158   
  9.61349      1.89285218   
  9.60136      1.89043953   
  9.58924      1.88801260   
  9.57708      1.88557411   
  9.56512      1.88312282   
  9.55312      1.88066017   
  9.54117      1.87818459   
  9.52922      1.87569889   
  9.51729      1.87320016   
  9.50543      1.87069174   
  9.49360      1.86817246   
  9.48180      1.86564335   
  9.47004      1.86310323   
  9.45826      1.86055402   
  9.44657      1.85799522   
  9.43503      1.85542723   
  9.42342      1.85285061   
  9.41188      1.85026490   
  9.40036      1.84767139   
  9.38886      1.84506918   
  9.37746      1.84246037   
  9.36608      1.83984314   
  9.35474      1.83721880   
  9.34344      1.83458840   
  9.33218      1.83195165   
  9.32097      1.82930672   
  9.30978      1.82665619   
  9.29867      1.82400015   
  9.28761      1.82133903   
  9.27657      1.81867223   
  9.26552      1.81599983   
  9.25468      1.81332391   
